//r0
1010 1001 0110 1010 1010 1001 0110 1010 1010 1001 0110 1010 1010 1001 0110 1010 1010 1001 0110 1010 1010 1001 0110 1010 1010 1001 0110 1010 1010 1001 0110 1010 1010 1001 0110 1010 1010 1001 0110 1010 1010 1001 0110 1010 1010 1001 0110 1010 1010 1001 0110 1010 1010 1001 0110 1010 1010 1001 0110 1010 1010 0110 1001 1010 

//r1
1010 1001 0110 1010 1010 1001 0110 1010 1010 1001 0110 1010 1010 1001 0110 1010 1010 1001 0110 1010 1010 1001 0110 1010 1010 1001 0110 1010 1010 1001 0110 1010 1010 1001 0110 1010 1010 1001 0110 1010 1010 1001 0110 1010 1010 1001 0110 1010 1010 1001 0110 1010 1010 1001 0110 1010 1010 1001 0110 1010 1010 0110 1001 1010 


//g0
1010 1001 0110 1010 1010 1001 0110 1010 1010 1001 0110 1010 1010 1001 0110 1010 1010 1001 0110 1010 1010 1001 0110 1010 1010 1001 0110 1010 1010 1001 0110 1010 1010 1001 0110 1010 1010 1001 0110 1010 1010 1001 0110 1010 1010 1001 0110 1010 1010 1001 0110 1010 1010 1001 0110 1010 1010 1001 0110 1010 1010 0110 1001 1010 

//g1
1010 1001 0110 1010 1010 1001 0110 1010 1010 1001 0110 1010 1010 1001 0110 1010 1010 1001 0110 1010 1010 1001 0110 1010 1010 1001 0110 1010 1010 1001 0110 1010 1010 1001 0110 1010 1010 1001 0110 1010 1010 1001 0110 1010 1010 1001 0110 1010 1010 1001 0110 1010 1010 1001 0110 1010 1010 1001 0110 1010 1010 0110 1001 1010 


//b0
1010 1001 0110 1010 1010 1001 0110 1010 1010 1001 0110 1010 1010 1001 0110 1010 1010 1001 0110 1010 1010 1001 0110 1010 1010 1001 0110 1010 1010 1001 0110 1010 1010 1001 0110 1010 1010 1001 0110 1010 1010 1001 0110 1010 1010 1001 0110 1010 1010 1001 0110 1010 1010 1001 0110 1010 1010 1001 0110 1010 1010 0110 1001 1010 

//b1
1010 1001 0110 1010 1010 1001 0110 1010 1010 1001 0110 1010 1010 1001 0110 1010 1010 1001 0110 1010 1010 1001 0110 1010 1010 1001 0110 1010 1010 1001 0110 1010 1010 1001 0110 1010 1010 1001 0110 1010 1010 1001 0110 1010 1010 1001 0110 1010 1010 1001 0110 1010 1010 1001 0110 1010 1010 1001 0110 1010 1010 0110 1001 1010 